#ultima consulta de hilos 06-07-2019, 20:55
# "@threadreaderapp unroll" since:2019-01-01 until:2019-06-20 lang:en
1143627374610845697
1143623034382835712
1143626936935051264
1143623834706292738
1143622175322071040
1143622090626498560
1143621364500353026
1143605888197902336
1143610658514190336
1143605500745064448
1143606340750839809
1143632539770413056
1142884113734623232
1142905778803810304
1143406062172823553
1143315903234232321
1143275362324889600
1143556778954768384
1143619498068598784
1143291059692351493
1143251652113252353
1142856385132019712
1143186730398441472
1142673058802499584
1142652140827136001
1142557902617530369
1141850627858845696
1141101748272209928
1143108542775382016
1142834938204631044
1142630253325537280
1141951515571171328
1142104902015037441
1143290860802662402
1142871654009323520
1143200891782270977
1142547956790255616
1142296115905224704
1142875751357845506
1142789712526159873
1141755118427267072
1141420700726509568
1141014975516958720
1143610810037624832
1141310926580146176
1141065262889754624
1140411062753386497
1140290254512877568
1141319440727977984
# "@threadreaderapp unroll" since:2019-06-01 until:2019-06-28 lang:en
1143989649968263168
1143624828303433729
1141746703302832130
1144000502704869381
1143560447750107141
1140410525525958656
1140635340627042305
1141179825173999617
1141131747318476800
1141108431614558210
1141162938125959170
1140962955846180864
1139747752173170690
1139176974662885376
1137658738368794624
1138276328585564160
1135951654422011904
1135345889898184704
1144465300475138048
1143062629835038721
1144621287333081089
1144243208035213314
1144313081910169605
1144727898122805249
1144477203813416960
1144403681720373249
1143984072957370368
1021053436450701312
1144387117981810689
# "@threadreaderapp unroll" since:2019-03-01 until:2019-06-01 lang:en
1134497397583810560
1134327288613539840
1134472524090302465
1134029511543074818
1134016668424986625
1134544902421794816
1134486661268725760
1134444505841721344
1134375034577989632
1134261363864248320
1134091052372152320
1133410149996146688
1133680316705628161
1133129959583694850
1132328510339584011
1132109375580114945
1092202125029982209
1005849610403942400
1132268412078632960
1131986641869004800
1131960552555712512
1131876520123883520
1131556432804028417
1130603899398836224
1130533772951207937
1130439263064088576
1130159937190019072
1130073779009409024
1129600172042756096
1129831629910872064
1129729268307648514
1129579190351736832
1128988103048421376
1128695190158479361
1128931778184515584
1128748015253164037
1127549268968071168
1125967904825118720
1126217470946291712
1125724101568606208
1125617318736875520
1125207137318252545
1124446053913309184
1124371114879152129
1125486631673319425
1124376118536966144
1122329240437964801
1121870970694897664
1121929899470721030
1121791198761324546
1120589405616521216
1119709877448916992
1119331296470237185
1119354328597319681
1118924362869104640
1117126604784693248
1117100689052749824
1116866932299448325
1116453375715893248
1115369468690096128
1115238243388121089
1114116013333843968
1113207192163835905
1112520209108291584
1112329971454959616
1111296710691692545
1111294072298311685
1110509988538126337
1110300844703055879
1110177683080728577
1109950376722223104
1109528392678797312
1109585912206233600
1109318417247621120
1108509247627640832
1107866976003735552
1107356985400262656
1108121448382492672
1105825469058945025
1105239619451392000
1104961550597713931
1104414170450145282
1104395214683340801
1104048553851150336
1102598155693105153
# "@threadreaderapp unroll" since:2019-01-01 until:2019-03-01 lang:en
1101254525682241536
1101147759749545984
1101305069004378112
1100779262620110848
1010164090814320640
1100640998202331136
1100600245308874752
1100508718112755712
1100485772157669376
1100257078868758528
1099470300897517570
1099023276934905856
1098852678547824641
1098808339293712384
1098662855761510401
1098713342229860353
1098689922368720902
1098565291330568193
1098416791661867008
1098395265344651271
1098379318462480390
1098278746124099584
1098217844737740800
1098187173604528129
1097966637398020096
1097579376437129216
1097713153042010112
1097458805376471043
1097441008722341888
1097314360819621890
1096639220175851521
1096504848848044033
1096233752253161472
1095768245058064384
1095650233118326784
1095392363831328769
1095330131197943814
1094683488614338560
1093644993103720449
1093904387850817536
1092981773561020416
1092821833722855424
1092650729628680193
1092513969166839808
1092447335043350528
1093722708498472961
1091981127567503360
1090870406796341248
1090358405405892608
1089630258012119040
1089714248870092800
1089632610932801536
1089628704421150720
1089241505070546944
1088889113284132865
1088477298393866243
1087725670988427265
1087406779426852867
1087346769493659648
1087171033013006336
1087118497778491392
# "@threadreaderapp unroll" since:2018-09-01 until:2018-12-30 lang:en
1079104965518417920
1079156626345549825
1079154355889045511
1078943631816327168
1078926235609124866
1078861478898356224
1078554754656088064
1078730898827345921
1078631397538099200
1078812599549079552
1078307183232569344
1078395537861292035
1077047216777424898
1078651084808302592
1078396005467467776
1078409500699308034
1078342025966223360
1077618097081774080
1077470871437090818
1077486192566984704
1077329923147251712
1076627072716496896
1076546524300169217
1076478621408247808
1074756688689926144
1073786143613820928
1073774431984607234
1073659082987462656
1073573481017630722
989870337142771712
1073242198429364224
1072248011076571141
1071796696919760896
1071667424771145730
1070158227294310401
1069402705347731456
1070147169686970368
1072760462993895424
1068730162995376129
1068236297687289856
1068589237442945025
1068312529913434112
1068345746603290624
1067786721989926913
1066829691280130049
1067606256616173568
1067602753013391360
1067418431065137152
1067127731232616456
#"@threadreaderapp unroll" since:2018-06-01 until:2018-09-01 lang:en
1035572258335596544
1035344574665957376
1035222754126114817
1034894285710057472
1035161267550543874
1034862031629901824
1034675549753536513
1034770444128276480
1034771805842624513
1034453483523657728
1033911940668645377
1032722059833602049
1032985953307160576
1032758938532343808
1032427106771193856
1032401389320851456
1032250349078364160
1032156754371641346
1031868326232956934
1031565040024002560
1030454006571782144
1030251961629794304
1030202813425635328
1030132306739113986
1029792494853214208
1029598916591935489
1029364886705332224
1029022739380744194
1028826323878260742
1028774959999578117
1028676781396709378
1019426652504449024
1027806102346506242
1027680940171001856
1027310439502360576
1026547500503654400
1025410919453491205
1025267170241073153
1054551600860028935
1024401253370085376
1023630624622628870
1022778700578873345
1022910148065611776
1022152333633966080
1021767380194578433
1021818323426672641
1017248519726305281
1021483710494007296
1019580229839409152
1018947760626814982
1018247815544410112
1018152042412552192
#"@threadreaderapp unroll" since:2018-03-01 until:2018-06-01 lang:en
1002250999015321601
1002109558058237953
1001740576885235712
1002215613153075200
1002058259165954048
1001479538218430464
1012551587493867520
1001311018977546240
1000852021979811840
990670275447545856
998805809164365824
941145326353870848
940126377977794560
939666594665508865
935344052593217536
937840705610936325
937747724593778688
938526342693511168
938406529560141824
936865506761388033
938926122930143232
940349666318868480
998249826923024384
997292119063580672
997006336507416576
992038011612299266
990432506825486336
989852912586252293
988967905566965760
986953056087625728
987002735156514816
985576585368621059
983835808808554496
985150402441211905
984268957044555777
980899964833366017
980851404142141440
979156754343845889
977330285208457217
977332634966671361
977279892592189441
977252588243636224
976569949157179392
976316941878136832
976299266044936192
976250046613213185
976199917915033601
974405531988365312
973781484808101889
#"@threadreaderapp unroll" since:2018-01-01 until:2018-03-30 lang:en
968586396666662912
967572517559746560
1008093886747762688
966896136534421509
966211117105238017
959173562136387584
956640903535394817
956400921071759360
954820387262513152
954399505801142272
953519552364711936
952304046811025408
951665089228300289
949025913437605889
947845222310076416
947228485193535488
947202234634338305
947607173072265216
976135682262528000
987679522760855553
970777860314161152
969567303489777664
942159420569636864
936532755940331521
936625946064490502
936454249994768384
### n of extra lines 8 above
### utilizar el "en respuesta" para unir los hilos en orden
### normalizar el largo de los twets a 100, reposicionando sus valores por tweet en la nueva escala
### normalizar los valores rt y fv en relacion al total por el largo 100

